time	time	departures_all	arrivals_all	stuck_all	en-route_all	departures_pt	arrivals_pt	stuck_pt	en-route_pt	departures_walk	arrivals_walk	stuck_walk	en-route_walk
00:00:00	0	0	0	0	0	0	0	0	0	0	0	0	0
00:05:00	300	0	0	0	0	0	0	0	0	0	0	0	0
00:10:00	600	0	0	0	0	0	0	0	0	0	0	0	0
00:15:00	900	0	0	0	0	0	0	0	0	0	0	0	0
00:20:00	1200	0	0	0	0	0	0	0	0	0	0	0	0
00:25:00	1500	0	0	0	0	0	0	0	0	0	0	0	0
00:30:00	1800	0	0	0	0	0	0	0	0	0	0	0	0
00:35:00	2100	0	0	0	0	0	0	0	0	0	0	0	0
00:40:00	2400	0	0	0	0	0	0	0	0	0	0	0	0
00:45:00	2700	0	0	0	0	0	0	0	0	0	0	0	0
00:50:00	3000	0	0	0	0	0	0	0	0	0	0	0	0
00:55:00	3300	0	0	0	0	0	0	0	0	0	0	0	0
01:00:00	3600	0	0	0	0	0	0	0	0	0	0	0	0
01:05:00	3900	0	0	0	0	0	0	0	0	0	0	0	0
01:10:00	4200	0	0	0	0	0	0	0	0	0	0	0	0
01:15:00	4500	0	0	0	0	0	0	0	0	0	0	0	0
01:20:00	4800	0	0	0	0	0	0	0	0	0	0	0	0
01:25:00	5100	0	0	0	0	0	0	0	0	0	0	0	0
01:30:00	5400	0	0	0	0	0	0	0	0	0	0	0	0
01:35:00	5700	0	0	0	0	0	0	0	0	0	0	0	0
01:40:00	6000	0	0	0	0	0	0	0	0	0	0	0	0
01:45:00	6300	0	0	0	0	0	0	0	0	0	0	0	0
01:50:00	6600	0	0	0	0	0	0	0	0	0	0	0	0
01:55:00	6900	0	0	0	0	0	0	0	0	0	0	0	0
02:00:00	7200	0	0	0	0	0	0	0	0	0	0	0	0
02:05:00	7500	0	0	0	0	0	0	0	0	0	0	0	0
02:10:00	7800	0	0	0	0	0	0	0	0	0	0	0	0
02:15:00	8100	0	0	0	0	0	0	0	0	0	0	0	0
02:20:00	8400	0	0	0	0	0	0	0	0	0	0	0	0
02:25:00	8700	0	0	0	0	0	0	0	0	0	0	0	0
02:30:00	9000	0	0	0	0	0	0	0	0	0	0	0	0
02:35:00	9300	0	0	0	0	0	0	0	0	0	0	0	0
02:40:00	9600	0	0	0	0	0	0	0	0	0	0	0	0
02:45:00	9900	0	0	0	0	0	0	0	0	0	0	0	0
02:50:00	10200	0	0	0	0	0	0	0	0	0	0	0	0
02:55:00	10500	0	0	0	0	0	0	0	0	0	0	0	0
03:00:00	10800	0	0	0	0	0	0	0	0	0	0	0	0
03:05:00	11100	0	0	0	0	0	0	0	0	0	0	0	0
03:10:00	11400	0	0	0	0	0	0	0	0	0	0	0	0
03:15:00	11700	0	0	0	0	0	0	0	0	0	0	0	0
03:20:00	12000	0	0	0	0	0	0	0	0	0	0	0	0
03:25:00	12300	0	0	0	0	0	0	0	0	0	0	0	0
03:30:00	12600	0	0	0	0	0	0	0	0	0	0	0	0
03:35:00	12900	0	0	0	0	0	0	0	0	0	0	0	0
03:40:00	13200	0	0	0	0	0	0	0	0	0	0	0	0
03:45:00	13500	0	0	0	0	0	0	0	0	0	0	0	0
03:50:00	13800	0	0	0	0	0	0	0	0	0	0	0	0
03:55:00	14100	0	0	0	0	0	0	0	0	0	0	0	0
04:00:00	14400	0	0	0	0	0	0	0	0	0	0	0	0
04:05:00	14700	0	0	0	0	0	0	0	0	0	0	0	0
04:10:00	15000	0	0	0	0	0	0	0	0	0	0	0	0
04:15:00	15300	0	0	0	0	0	0	0	0	0	0	0	0
04:20:00	15600	0	0	0	0	0	0	0	0	0	0	0	0
04:25:00	15900	0	0	0	0	0	0	0	0	0	0	0	0
04:30:00	16200	0	0	0	0	0	0	0	0	0	0	0	0
04:35:00	16500	0	0	0	0	0	0	0	0	0	0	0	0
04:40:00	16800	0	0	0	0	0	0	0	0	0	0	0	0
04:45:00	17100	0	0	0	0	0	0	0	0	0	0	0	0
04:50:00	17400	0	0	0	0	0	0	0	0	0	0	0	0
04:55:00	17700	0	0	0	0	0	0	0	0	0	0	0	0
05:00:00	18000	0	0	0	0	0	0	0	0	0	0	0	0
05:05:00	18300	0	0	0	0	0	0	0	0	0	0	0	0
05:10:00	18600	0	0	0	0	0	0	0	0	0	0	0	0
05:15:00	18900	0	0	0	0	0	0	0	0	0	0	0	0
05:20:00	19200	0	0	0	0	0	0	0	0	0	0	0	0
05:25:00	19500	0	0	0	0	0	0	0	0	0	0	0	0
05:30:00	19800	0	0	0	0	0	0	0	0	0	0	0	0
05:35:00	20100	0	0	0	0	0	0	0	0	0	0	0	0
05:40:00	20400	0	0	0	0	0	0	0	0	0	0	0	0
05:45:00	20700	0	0	0	0	0	0	0	0	0	0	0	0
05:50:00	21000	0	0	0	0	0	0	0	0	0	0	0	0
05:55:00	21300	1	0	0	1	0	0	0	0	1	0	0	1
06:00:00	21600	27	2	0	26	2	0	0	2	25	2	0	24
06:05:00	21900	1	1	0	26	1	0	0	3	0	1	0	23
06:10:00	22200	2	2	0	26	2	0	0	5	0	2	0	21
06:15:00	22500	4	3	0	27	2	1	0	6	2	2	0	21
06:20:00	22800	9	7	0	29	7	1	0	12	2	6	0	17
06:25:00	23100	6	0	0	35	0	0	0	12	6	0	0	23
06:30:00	23400	1	1	0	35	1	0	0	13	0	1	0	22
06:35:00	23700	0	0	0	35	0	0	0	13	0	0	0	22
06:40:00	24000	7	7	0	35	3	4	0	12	4	3	0	23
06:45:00	24300	5	5	0	35	4	2	0	14	1	3	0	21
06:50:00	24600	0	0	0	35	0	0	0	14	0	0	0	21
06:55:00	24900	2	2	0	35	1	1	0	14	1	1	0	21
07:00:00	25200	4	4	0	35	2	2	0	14	2	2	0	21
07:05:00	25500	1	1	0	35	1	1	0	14	0	0	0	21
07:10:00	25800	1	1	0	35	0	1	0	13	1	0	0	22
07:15:00	26100	6	5	0	36	3	2	0	14	3	3	0	22
07:20:00	26400	2	2	0	36	1	1	0	14	1	1	0	22
07:25:00	26700	1	1	0	36	0	1	0	13	1	0	0	23
07:30:00	27000	4	1	0	39	1	0	0	14	3	1	0	25
07:35:00	27300	4	4	0	39	3	2	0	15	1	2	0	24
07:40:00	27600	1	1	0	39	0	1	0	14	1	0	0	25
07:45:00	27900	3	1	0	41	1	0	0	15	2	1	0	26
07:50:00	28200	5	2	0	44	2	1	0	16	3	1	0	28
07:55:00	28500	2	2	0	44	0	1	0	15	2	1	0	29
08:00:00	28800	31	10	0	65	7	4	0	18	24	6	0	47
08:05:00	29100	6	4	0	67	3	2	0	19	3	2	0	48
08:10:00	29400	6	5	0	68	3	3	0	19	3	2	0	49
08:15:00	29700	5	2	0	71	1	1	0	19	4	1	0	52
08:20:00	30000	10	8	0	73	7	3	0	23	3	5	0	50
08:25:00	30300	2	4	0	71	2	1	0	24	0	3	0	47
08:30:00	30600	7	7	0	71	4	3	0	25	3	4	0	46
08:35:00	30900	8	7	0	72	4	4	0	25	4	3	0	47
08:40:00	31200	4	4	0	72	3	2	0	26	1	2	0	46
08:45:00	31500	3	2	0	73	1	1	0	26	2	1	0	47
08:50:00	31800	5	5	0	73	3	3	0	26	2	2	0	47
08:55:00	32100	1	1	0	73	0	1	0	25	1	0	0	48
09:00:00	32400	11	11	0	73	6	5	0	26	5	6	0	47
09:05:00	32700	3	3	0	73	2	1	0	27	1	2	0	46
09:10:00	33000	4	4	0	73	3	3	0	27	1	1	0	46
09:15:00	33300	4	4	0	73	2	3	0	26	2	1	0	47
09:20:00	33600	5	5	0	73	3	2	0	27	2	3	0	46
09:25:00	33900	7	8	0	72	4	5	0	26	3	3	0	46
09:30:00	34200	5	5	0	72	2	3	0	25	3	2	0	47
09:35:00	34500	7	6	0	73	3	2	0	26	4	4	0	47
09:40:00	34800	9	7	0	75	3	4	0	25	6	3	0	50
09:45:00	35100	9	9	0	75	5	5	0	25	4	4	0	50
09:50:00	35400	6	6	0	75	3	2	0	26	3	4	0	49
09:55:00	35700	6	3	0	78	2	1	0	27	4	2	0	51
10:00:00	36000	33	14	0	97	10	4	0	33	23	10	0	64
10:05:00	36300	4	2	0	99	1	1	0	33	3	1	0	66
10:10:00	36600	15	13	0	101	7	8	0	32	8	5	0	69
10:15:00	36900	10	6	0	105	4	2	0	34	6	4	0	71
10:20:00	37200	11	10	0	106	6	6	0	34	5	4	0	72
10:25:00	37500	17	16	0	107	11	8	0	37	6	8	0	70
10:30:00	37800	10	11	0	106	5	5	0	37	5	6	0	69
10:35:00	38100	6	6	0	106	4	4	0	37	2	2	0	69
10:40:00	38400	1	1	0	106	1	0	0	38	0	1	0	68
10:45:00	38700	6	6	0	106	3	4	0	37	3	2	0	69
10:50:00	39000	9	9	0	106	4	5	0	36	5	4	0	70
10:55:00	39300	2	2	0	106	2	0	0	38	0	2	0	68
11:00:00	39600	13	14	0	105	6	8	0	36	7	6	0	69
11:05:00	39900	8	8	0	105	5	4	0	37	3	4	0	68
11:10:00	40200	8	8	0	105	4	4	0	37	4	4	0	68
11:15:00	40500	7	7	0	105	3	4	0	36	4	3	0	69
11:20:00	40800	9	10	0	104	6	6	0	36	3	4	0	68
11:25:00	41100	10	11	0	103	6	7	0	35	4	4	0	68
11:30:00	41400	2	2	0	103	2	2	0	35	0	0	0	68
11:35:00	41700	10	11	0	102	5	7	0	33	5	4	0	69
11:40:00	42000	7	8	0	101	3	4	0	32	4	4	0	69
11:45:00	42300	8	8	0	101	5	4	0	33	3	4	0	68
11:50:00	42600	10	10	0	101	5	6	0	32	5	4	0	69
11:55:00	42900	4	4	0	101	2	2	0	32	2	2	0	69
12:00:00	43200	13	13	0	101	7	7	0	32	6	6	0	69
12:05:00	43500	10	11	0	100	5	6	0	31	5	5	0	69
12:10:00	43800	6	6	0	100	4	4	0	31	2	2	0	69
12:15:00	44100	4	5	0	99	2	2	0	31	2	3	0	68
12:20:00	44400	2	2	0	99	2	2	0	31	0	0	0	68
12:25:00	44700	3	3	0	99	1	2	0	30	2	1	0	69
12:30:00	45000	7	9	0	97	3	4	0	29	4	5	0	68
12:35:00	45300	2	2	0	97	1	1	0	29	1	1	0	68
12:40:00	45600	5	5	0	97	2	3	0	28	3	2	0	69
12:45:00	45900	3	4	0	96	1	2	0	27	2	2	0	69
12:50:00	46200	8	8	0	96	4	4	0	27	4	4	0	69
12:55:00	46500	7	7	0	96	5	4	0	28	2	3	0	68
13:00:00	46800	2	2	0	96	1	1	0	28	1	1	0	68
13:05:00	47100	15	18	0	93	6	9	0	25	9	9	0	68
13:10:00	47400	13	13	0	93	7	8	0	24	6	5	0	69
13:15:00	47700	8	8	0	93	7	6	0	25	1	2	0	68
13:20:00	48000	0	0	0	93	0	0	0	25	0	0	0	68
13:25:00	48300	2	2	0	93	1	1	0	25	1	1	0	68
13:30:00	48600	7	7	0	93	3	4	0	24	4	3	0	69
13:35:00	48900	2	2	0	93	2	1	0	25	0	1	0	68
13:40:00	49200	3	3	0	93	2	2	0	25	1	1	0	68
13:45:00	49500	10	10	0	93	5	5	0	25	5	5	0	68
13:50:00	49800	5	6	0	92	3	5	0	23	2	1	0	69
13:55:00	50100	1	1	0	92	1	0	0	24	0	1	0	68
14:00:00	50400	11	11	0	92	5	6	0	23	6	5	0	69
14:05:00	50700	6	6	0	92	3	3	0	23	3	3	0	69
14:10:00	51000	4	4	0	92	3	3	0	23	1	1	0	69
14:15:00	51300	9	9	0	92	4	5	0	22	5	4	0	70
14:20:00	51600	2	2	0	92	2	1	0	23	0	1	0	69
14:25:00	51900	4	4	0	92	2	2	0	23	2	2	0	69
14:30:00	52200	11	12	0	91	5	6	0	22	6	6	0	69
14:35:00	52500	2	2	0	91	1	1	0	22	1	1	0	69
14:40:00	52800	6	6	0	91	4	3	0	23	2	3	0	68
14:45:00	53100	4	4	0	91	2	2	0	23	2	2	0	68
14:50:00	53400	0	0	0	91	0	0	0	23	0	0	0	68
14:55:00	53700	0	0	0	91	0	0	0	23	0	0	0	68
15:00:00	54000	2	2	0	91	0	2	0	21	2	0	0	70
15:05:00	54300	9	9	0	91	7	5	0	23	2	4	0	68
15:10:00	54600	4	4	0	91	2	2	0	23	2	2	0	68
15:15:00	54900	4	4	0	91	2	3	0	22	2	1	0	69
15:20:00	55200	10	10	0	91	7	6	0	23	3	4	0	68
15:25:00	55500	1	1	0	91	1	1	0	23	0	0	0	68
15:30:00	55800	4	4	0	91	2	3	0	22	2	1	0	69
15:35:00	56100	1	1	0	91	1	0	0	23	0	1	0	68
15:40:00	56400	6	7	0	90	3	4	0	22	3	3	0	68
15:45:00	56700	4	4	0	90	2	2	0	22	2	2	0	68
15:50:00	57000	5	5	0	90	3	3	0	22	2	2	0	68
15:55:00	57300	3	4	0	89	1	3	0	20	2	1	0	69
16:00:00	57600	3	3	0	89	2	1	0	21	1	2	0	68
16:05:00	57900	4	4	0	89	3	3	0	21	1	1	0	68
16:10:00	58200	1	1	0	89	0	1	0	20	1	0	0	69
16:15:00	58500	6	6	0	89	4	3	0	21	2	3	0	68
16:20:00	58800	1	1	0	89	1	1	0	21	0	0	0	68
16:25:00	59100	3	3	0	89	2	2	0	21	1	1	0	68
16:30:00	59400	6	7	0	88	3	5	0	19	3	2	0	69
16:35:00	59700	4	5	0	87	2	3	0	18	2	2	0	69
16:40:00	60000	5	4	0	88	3	2	0	19	2	2	0	69
16:45:00	60300	5	5	0	88	2	3	0	18	3	2	0	70
16:50:00	60600	3	3	0	88	2	1	0	19	1	2	0	69
16:55:00	60900	2	2	0	88	1	1	0	19	1	1	0	69
17:00:00	61200	20	13	0	95	9	7	0	21	11	6	0	74
17:05:00	61500	5	4	0	96	3	1	0	23	2	3	0	73
17:10:00	61800	4	4	0	96	2	2	0	23	2	2	0	73
17:15:00	62100	4	4	0	96	2	2	0	23	2	2	0	73
17:20:00	62400	6	6	0	96	4	2	0	25	2	4	0	71
17:25:00	62700	7	6	0	97	3	3	0	25	4	3	0	72
17:30:00	63000	3	3	0	97	2	1	0	26	1	2	0	71
17:35:00	63300	3	3	0	97	2	2	0	26	1	1	0	71
17:40:00	63600	3	3	0	97	2	2	0	26	1	1	0	71
17:45:00	63900	3	3	0	97	2	2	0	26	1	1	0	71
17:50:00	64200	4	4	0	97	2	2	0	26	2	2	0	71
17:55:00	64500	1	1	0	97	1	0	0	27	0	1	0	70
18:00:00	64800	3	3	0	97	2	2	0	27	1	1	0	70
18:05:00	65100	4	4	0	97	2	2	0	27	2	2	0	70
18:10:00	65400	5	5	0	97	3	3	0	27	2	2	0	70
18:15:00	65700	4	4	0	97	2	2	0	27	2	2	0	70
18:20:00	66000	3	3	0	97	2	2	0	27	1	1	0	70
18:25:00	66300	8	7	0	98	3	3	0	27	5	4	0	71
18:30:00	66600	5	5	0	98	2	3	0	26	3	2	0	72
18:35:00	66900	4	4	0	98	2	2	0	26	2	2	0	72
18:40:00	67200	7	7	0	98	5	4	0	27	2	3	0	71
18:45:00	67500	9	8	0	99	4	4	0	27	5	4	0	72
18:50:00	67800	6	6	0	99	3	4	0	26	3	2	0	73
18:55:00	68100	12	10	0	101	6	4	0	28	6	6	0	73
19:00:00	68400	21	17	0	105	9	7	0	30	12	10	0	75
19:05:00	68700	3	3	0	105	2	1	0	31	1	2	0	74
19:10:00	69000	5	6	0	104	1	3	0	29	4	3	0	75
19:15:00	69300	6	6	0	104	4	3	0	30	2	3	0	74
19:20:00	69600	7	7	0	104	3	4	0	29	4	3	0	75
19:25:00	69900	3	3	0	104	3	0	0	32	0	3	0	72
19:30:00	70200	2	3	0	103	0	2	0	30	2	1	0	73
19:35:00	70500	9	10	0	102	4	5	0	29	5	5	0	73
19:40:00	70800	5	5	0	102	3	2	0	30	2	3	0	72
19:45:00	71100	2	2	0	102	1	1	0	30	1	1	0	72
19:50:00	71400	0	0	0	102	0	0	0	30	0	0	0	72
19:55:00	71700	3	3	0	102	2	2	0	30	1	1	0	72
20:00:00	72000	2	2	0	102	1	1	0	30	1	1	0	72
20:05:00	72300	6	6	0	102	3	3	0	30	3	3	0	72
20:10:00	72600	5	5	0	102	2	3	0	29	3	2	0	73
20:15:00	72900	2	2	0	102	1	1	0	29	1	1	0	73
20:20:00	73200	4	4	0	102	2	2	0	29	2	2	0	73
20:25:00	73500	0	0	0	102	0	0	0	29	0	0	0	73
20:30:00	73800	2	3	0	101	0	2	0	27	2	1	0	74
20:35:00	74100	3	3	0	101	2	1	0	28	1	2	0	73
20:40:00	74400	5	5	0	101	2	2	0	28	3	3	0	73
20:45:00	74700	1	1	0	101	0	1	0	27	1	0	0	74
20:50:00	75000	7	8	0	100	3	4	0	26	4	4	0	74
20:55:00	75300	3	5	0	98	2	1	0	27	1	4	0	71
21:00:00	75600	11	5	0	104	2	2	0	27	9	3	0	77
21:05:00	75900	2	3	0	103	1	1	0	27	1	2	0	76
21:10:00	76200	2	2	0	103	2	1	0	28	0	1	0	75
21:15:00	76500	5	4	0	104	3	2	0	29	2	2	0	75
21:20:00	76800	4	3	0	105	2	2	0	29	2	1	0	76
21:25:00	77100	3	3	0	105	2	1	0	30	1	2	0	75
21:30:00	77400	4	5	0	104	3	3	0	30	1	2	0	74
21:35:00	77700	7	7	0	104	3	4	0	29	4	3	0	75
21:40:00	78000	3	3	0	104	3	1	0	31	0	2	0	73
21:45:00	78300	2	2	0	104	1	1	0	31	1	1	0	73
21:50:00	78600	1	0	0	105	0	0	0	31	1	0	0	74
21:55:00	78900	4	5	0	104	1	2	0	30	3	3	0	74
22:00:00	79200	6	6	0	104	3	3	0	30	3	3	0	74
22:05:00	79500	3	3	0	104	2	1	0	31	1	2	0	73
22:10:00	79800	2	2	0	104	1	1	0	31	1	1	0	73
22:15:00	80100	2	2	0	104	1	1	0	31	1	1	0	73
22:20:00	80400	0	0	0	104	0	0	0	31	0	0	0	73
22:25:00	80700	0	0	0	104	0	0	0	31	0	0	0	73
22:30:00	81000	3	3	0	104	2	1	0	32	1	2	0	72
22:35:00	81300	0	0	0	104	0	0	0	32	0	0	0	72
22:40:00	81600	2	2	0	104	1	1	0	32	1	1	0	72
22:45:00	81900	0	0	0	104	0	0	0	32	0	0	0	72
22:50:00	82200	2	3	0	103	0	2	0	30	2	1	0	73
22:55:00	82500	5	5	0	103	2	3	0	29	3	2	0	74
23:00:00	82800	3	4	0	102	1	1	0	29	2	3	0	73
23:05:00	83100	0	0	0	102	0	0	0	29	0	0	0	73
23:10:00	83400	2	2	0	102	1	1	0	29	1	1	0	73
23:15:00	83700	4	4	0	102	3	2	0	30	1	2	0	72
23:20:00	84000	0	0	0	102	0	0	0	30	0	0	0	72
23:25:00	84300	1	2	0	101	0	1	0	29	1	1	0	72
23:30:00	84600	5	5	0	101	3	2	0	30	2	3	0	71
23:35:00	84900	0	0	0	101	0	0	0	30	0	0	0	71
23:40:00	85200	2	2	0	101	1	1	0	30	1	1	0	71
23:45:00	85500	0	0	0	101	0	0	0	30	0	0	0	71
23:50:00	85800	0	0	0	101	0	0	0	30	0	0	0	71
23:55:00	86100	1	1	0	101	0	0	0	30	1	1	0	71
24:00:00	86400	0	0	0	101	0	0	0	30	0	0	0	71
24:05:00	86700	0	0	0	101	0	0	0	30	0	0	0	71
24:10:00	87000	3	3	0	101	2	2	0	30	1	1	0	71
24:15:00	87300	0	0	0	101	0	0	0	30	0	0	0	71
24:20:00	87600	0	0	0	101	0	0	0	30	0	0	0	71
24:25:00	87900	0	0	0	101	0	0	0	30	0	0	0	71
24:30:00	88200	0	0	0	101	0	0	0	30	0	0	0	71
24:35:00	88500	0	0	0	101	0	0	0	30	0	0	0	71
24:40:00	88800	0	0	0	101	0	0	0	30	0	0	0	71
24:45:00	89100	0	0	0	101	0	0	0	30	0	0	0	71
24:50:00	89400	0	0	0	101	0	0	0	30	0	0	0	71
24:55:00	89700	0	0	0	101	0	0	0	30	0	0	0	71
25:00:00	90000	0	0	0	101	0	0	0	30	0	0	0	71
25:05:00	90300	0	0	0	101	0	0	0	30	0	0	0	71
25:10:00	90600	0	0	0	101	0	0	0	30	0	0	0	71
25:15:00	90900	0	0	0	101	0	0	0	30	0	0	0	71
25:20:00	91200	1	1	0	101	0	0	0	30	1	1	0	71
25:25:00	91500	0	0	0	101	0	0	0	30	0	0	0	71
25:30:00	91800	0	0	0	101	0	0	0	30	0	0	0	71
25:35:00	92100	0	0	0	101	0	0	0	30	0	0	0	71
25:40:00	92400	0	0	0	101	0	0	0	30	0	0	0	71
25:45:00	92700	0	0	0	101	0	0	0	30	0	0	0	71
25:50:00	93000	0	0	0	101	0	0	0	30	0	0	0	71
25:55:00	93300	0	0	0	101	0	0	0	30	0	0	0	71
26:00:00	93600	0	0	0	101	0	0	0	30	0	0	0	71
26:05:00	93900	0	0	0	101	0	0	0	30	0	0	0	71
26:10:00	94200	0	0	0	101	0	0	0	30	0	0	0	71
26:15:00	94500	0	0	0	101	0	0	0	30	0	0	0	71
26:20:00	94800	0	0	0	101	0	0	0	30	0	0	0	71
26:25:00	95100	0	0	0	101	0	0	0	30	0	0	0	71
26:30:00	95400	1	1	0	101	0	0	0	30	1	1	0	71
26:35:00	95700	0	0	0	101	0	0	0	30	0	0	0	71
26:40:00	96000	0	0	0	101	0	0	0	30	0	0	0	71
26:45:00	96300	0	0	0	101	0	0	0	30	0	0	0	71
26:50:00	96600	0	0	0	101	0	0	0	30	0	0	0	71
26:55:00	96900	0	0	0	101	0	0	0	30	0	0	0	71
27:00:00	97200	0	0	0	101	0	0	0	30	0	0	0	71
27:05:00	97500	0	0	0	101	0	0	0	30	0	0	0	71
27:10:00	97800	0	0	0	101	0	0	0	30	0	0	0	71
27:15:00	98100	0	0	0	101	0	0	0	30	0	0	0	71
27:20:00	98400	0	0	0	101	0	0	0	30	0	0	0	71
27:25:00	98700	0	0	0	101	0	0	0	30	0	0	0	71
27:30:00	99000	0	0	0	101	0	0	0	30	0	0	0	71
27:35:00	99300	0	0	0	101	0	0	0	30	0	0	0	71
27:40:00	99600	0	0	0	101	0	0	0	30	0	0	0	71
27:45:00	99900	0	0	0	101	0	0	0	30	0	0	0	71
27:50:00	100200	0	0	0	101	0	0	0	30	0	0	0	71
27:55:00	100500	0	0	0	101	0	0	0	30	0	0	0	71
28:00:00	100800	0	0	0	101	0	0	0	30	0	0	0	71
28:05:00	101100	0	0	0	101	0	0	0	30	0	0	0	71
28:10:00	101400	0	0	0	101	0	0	0	30	0	0	0	71
28:15:00	101700	0	1	0	100	0	0	0	30	0	1	0	70
28:20:00	102000	0	0	0	100	0	0	0	30	0	0	0	70
28:25:00	102300	0	0	0	100	0	0	0	30	0	0	0	70
28:30:00	102600	0	0	0	100	0	0	0	30	0	0	0	70
28:35:00	102900	0	0	0	100	0	0	0	30	0	0	0	70
28:40:00	103200	0	0	0	100	0	0	0	30	0	0	0	70
28:45:00	103500	0	0	0	100	0	0	0	30	0	0	0	70
28:50:00	103800	0	0	0	100	0	0	0	30	0	0	0	70
28:55:00	104100	0	0	0	100	0	0	0	30	0	0	0	70
29:00:00	104400	0	0	0	100	0	0	0	30	0	0	0	70
29:05:00	104700	0	0	0	100	0	0	0	30	0	0	0	70
29:10:00	105000	0	0	0	100	0	0	0	30	0	0	0	70
29:15:00	105300	0	0	0	100	0	0	0	30	0	0	0	70
29:20:00	105600	0	0	0	100	0	0	0	30	0	0	0	70
29:25:00	105900	0	0	0	100	0	0	0	30	0	0	0	70
29:30:00	106200	0	0	0	100	0	0	0	30	0	0	0	70
29:35:00	106500	0	0	0	100	0	0	0	30	0	0	0	70
29:40:00	106800	1	1	0	100	0	0	0	30	1	1	0	70
29:45:00	107100	0	0	0	100	0	0	0	30	0	0	0	70
29:50:00	107400	0	0	0	100	0	0	0	30	0	0	0	70
29:55:00	107700	0	0	0	100	0	0	0	30	0	0	0	70
30:00:00	108000	0	0	100	0	0	0	30	0	0	0	70	0
30:05:00	108300	0	0	0	0	0	0	0	0	0	0	0	0
